Age(yr),LOM (g/cm2),ROM_cellulose (g/cm2),ROM_lignin(g/cm2),ROM (g/cm2),dt (cm),db (cm),rt (g/cm2),frp (g/cm2),crp(g/cm2),lrp(g/cm2),TOM (g/cm2),wi_t (g/cm2),V(cm3),db_corr (cm),BD (g/cm3),AFDW or OM %,OC Density (mg/cm3),C_Seq (g/m2/yr),OM Density (mg/cm3),Inorganic Matter(%),Inorganic Matter Density (mg/cm3),Necro_Mass (Mg/ha),LOM_A (g/cm2),ROM_A_cell (g/cm2),ROM_A_lig(g/cm2),ROM_A (g/cm2),LOM_Nr (g/cm2),ROM_Nr (g/cm2),Cumulative Nr (Mg/ha),Vol cont to cohort from litter,Vol cont to cohort from live root,Vol cont to cohort from necro root,Vol cont to cohort from inorganic,Vol cont % to cohort from litter,Vol cont % to cohort from live root,Vol cont %to cohort from necro root,Vol cont % to cohort from inorganic
0,0.027692730000000002,0.00733647,0.0083328,0.01566927,0.0,0.41514065395964966,0.0018710890290929852,0.0002058197932002284,9.355445145464926e-05,7.952128373645188e-05,0.04504598012618369,0.014079362790938547,0.41514065535440897,0.41514065535440897,0.1424224347929654,76.18726235436128,50.65989743207727,210.30983020139698,108.50775404718566,23.81273764563872,33.91468074577973,4.3362,0.027692730000000002,0.00733647,0.0083328,0.01566927,0.0,0.0,0.0,0.3942,0.015308910238033517,0.0,0.0056317451163754185,94.95576858485909,3.6876441853097175,0.0,1.3565872298311885
1,0.0028752510613130407,0.007385326956653052,0.008406505514586103,0.015791832471239154,0.41514065395964966,0.5971218112676342,0.0008177653866746488,8.995419253421137e-05,4.0888269333732446e-05,3.475502893367258e-05,0.01940307238055938,0.013974030426696715,0.18198117926667304,0.5971218332263227,0.18340964127035184,58.13288376947205,48.006967165779656,87.36364497845035,106.62131358169928,41.86711623052795,76.78832768865256,1.8667083532552193,0.002769272999999999,0.007256502477,0.00830030208,0.015556804557,0.00010597806131304151,0.00023502791423915363,0.03410059755521951,0.16660070506363633,0.006690807709156217,0.003100054323201774,0.0055896121706786855,91.54831600442685,3.6766481765411507,1.7035027114858903,3.071533107546102
2,0.0012539234931245092,0.007361130039698083,0.008420136690555089,0.015781266730253173,0.5971218112676342,0.7636873099875484,0.0007471890213610173,8.219079234971191e-05,3.735945106805087e-05,3.175553340784324e-05,0.0177076603426026,0.013966972790165351,0.16656551950336249,0.7636873307709967,0.19016320560948105,55.90486326512089,47.63342837807557,79.34086743520369,106.31048007655109,44.09513673487911,83.85272553292998,1.7035190223377683,0.0011630946599999997,0.0071774066000007,0.008267930901888,0.0154453375018887,9.082883312450953e-05,0.00033592922836447187,0.07677640370411766,0.1509857469262609,0.006113364720226506,0.0038796187408089216,0.00558678911606614,90.64645994948128,3.670246242112008,2.3291847870895053,3.354109021317199
3,0.0005689684850449506,0.0073323376863860795,0.008429708774551606,0.015762046460937686,0.7636873099875484,0.9235960836817856,0.0007161579074652043,7.877736982117247e-05,3.580789537326021e-05,3.0436711067271183e-05,0.016975557062701322,0.01396386967877577,0.15990879389606777,0.9235961038836162,0.19348170908965812,54.86707043587222,47.454734961809486,75.88429432400517,106.1577456067521,45.13292956412778,87.32396348290602,1.6331014945982638,0.0004884997572,0.007099172868060693,0.008235685971370636,0.01533485883943133,8.046872784495064e-05,0.0004271876215063558,0.1275420386392483,0.14384871451483028,0.005859473788351672,0.004615057721375513,0.005585547871510308,89.956725337022,3.6642598856445745,2.8860562380171886,3.4929585393162417
4,0.00027952978634744895,0.00730172267753345,0.008437482194408841,0.015739204871942292,0.9235960836817856,1.0805479174731103,0.0007018023809518013,7.719826190469814e-05,3.509011904759007e-05,2.982660119045156e-05,0.016650356801146363,0.01396243412612443,0.15695185366087125,1.0805479373426568,0.1950457430940346,54.390195394807094,47.37155803324975,74.3505384412208,106.0857607780989,45.609804605192906,88.95998231593572,1.6018734658289742,0.000205169898024,0.007021791883798831,0.008203566796082291,0.015225358679881121,7.435988832344895e-05,0.0005138461920611709,0.18636264667771027,0.1402775325264102,0.0057420194805147375,0.0053473280034965435,0.005584973650449772,89.37615533328484,3.6584591685814836,3.406986205496249,3.5583992926374273
5,0.00015715243910507232,0.007270452994276868,0.008444410475011438,0.015714863469288305,1.0805479174731103,1.2361057680321543,0.000694483240500301,7.63931564550331e-05,3.472416202501505e-05,2.951553772126279e-05,0.016497050824843647,0.013961702212079279,0.15555787020159215,1.2361057876747024,0.19580335599510668,54.16193763692648,47.331500614650636,73.62787429060398,106.05089156507884,45.83806236307352,89.75246443002784,1.5872015908393378,8.617135717008001e-05,0.006945254352265424,0.00817157288557757,0.015116827237842995,7.098108193499231e-05,0.0005980362314453105,0.2532643780157406,0.13820907813648248,0.005682135604093372,0.006081975576184571,0.005584680884831711,88.8473710506406,3.652747107381787,3.909783264776482,3.590098577201111
6,0.00010533939879608031,0.007239020227747695,0.008450896299259677,0.015689916527007373,1.2361057680321543,1.390930062129354,0.000690136437936908,7.591500817305988e-05,3.45068218968454e-05,2.9330798612318595e-05,0.01641637871994667,0.01396126753182294,0.1548243135576989,1.3909300815898533,0.19620720772935094,54.0409832410579,47.310209008893345,73.2477063407318,106.03230424676622,45.9590167589421,90.17490348258472,1.5795255925803453,3.619197001143361e-05,0.006869551079825731,0.008139703751323817,0.015009254831149548,6.91474287846467e-05,0.0006806616958578253,0.3282452904799878,0.13677678910146346,0.0056465708558474294,0.006816446587658836,0.005584507012729176,88.3432233339051,3.647082765035546,4.402697761755959,3.606996139303391
7,8.333171994784002e-05,0.007207630801017201,0.008457110103301123,0.015664740904318325,1.390930062129354,1.545300026889213,0.000687048265189131,7.55753091708044e-05,3.435241325945655e-05,2.9199551270538068e-05,0.016366416062936383,0.013960958714548163,0.1543699840579682,1.5453000461873223,0.19645901347049546,53.96581861443224,47.296954902800145,73.01230174335699,106.02071486119058,46.03418138556776,90.43829860930488,1.5748072624266165,1.5200627404802116e-05,0.006794672973055631,0.008107958906693654,0.014902631879749285,6.81310925430379e-05,0.0007621090245690399,0.41126930219119556,0.13561665915594623,0.005621303987911072,0.007547637428291617,0.005584383485819265,87.85170250780112,3.641448836193563,4.889316711633117,3.6175319443721956
8,7.391358142247861e-05,0.007176370898344385,0.008463124388126311,0.015639495286470698,1.545300026889213,1.699333882799928,0.0006844960384090966,7.529456422500063e-05,3.422480192045483e-05,2.9091081632386607e-05,0.01632945530246136,0.013960703491870159,0.1540338750554877,1.6993339019447007,0.19664608699495537,53.91010134128859,47.287118668594744,72.83818128732344,106.01210478265897,46.08989865871141,90.6339822122964,1.5713408867893175,6.384263510016889e-06,0.006720611037649324,0.008076337866957549,0.014796948904606873,6.752931791246172e-05,0.0008425463818638249,0.5022768721688242,0.1345757560737899,0.005600422132438063,0.008273415452511696,0.005584281396748063,87.36763651846817,3.6358379807173065,5.371166212322684,3.6253592884918557
9,6.981340569166557e-05,0.0071452760077968976,0.008468970352273987,0.015614246360070885,1.699333882799928,1.8530818454499411,0.0006821749715052489,7.503924686557738e-05,3.4108748575262445e-05,2.8992436288973078e-05,0.016298017240117275,0.013960471385179774,0.15374798164604714,1.8530818644459752,0.1968057616194078,53.8626282427458,47.27873018950048,72.69009341423737,106.00475574136611,46.1373717572542,90.80100587804169,1.568405976576255,2.6813906742070937e-06,0.006647356377338947,0.008044840149276413,0.01469219652661536,6.713201501745848e-05,0.0009220498334555245,0.6011950570161226,0.13358979924808698,0.005581431585042946,0.0089925622588453,0.005584188554071909,86.88881494108483,3.6302470609938213,5.848897762799671,3.632040235121668
10,6.795986717790205e-05,0.0071143602461000485,0.008474661772881411,0.01558902201898146,1.8530818454499411,2.0065654058648636,0.0006799565036608725,7.479521540269597e-05,3.399782518304363e-05,2.889815140558708e-05,0.016268942739454145,0.013960249538395336,0.15348357926494127,2.0065654247148825,0.196953917954104,53.81864851008691,47.2709526837928,72.55315013172205,105.99793683056417,46.18135148991309,90.9559811235398,1.5656981886159362,1.1261840831669795e-06,0.006574900192825952,0.008013465272694236,0.014588365465520187,6.683368309473508e-05,0.0010006565534612724,0.7079440806717233,0.13263174226912142,0.005563280484498048,0.009704456695963705,0.005584099815358135,86.41428803284181,3.6246747118757168,6.3227980103409,3.6382392449415955
11,6.705572748292656e-05,0.007083628724694609,0.008480205076214109,0.015563833800908717,2.0065654058648636,2.1597939208758743,0.0006777863881010858,7.455650269111944e-05,3.388931940505429e-05,2.8805921494296148e-05,0.01624089727768262,0.013960032526839358,0.1532285337169414,2.159793939581805,0.1970972969062805,53.77614988281213,47.263431328405105,72.42106280882858,105.99133779929264,46.22385011718787,91.10595910698787,1.5630889528391645,4.729973149301314e-07,0.006503233780724149,0.007982212758130729,0.014485446538854878,6.658273016799643e-05,0.0010783872620538388,0.8224410798939069,0.1316901776015437,0.005545524993554338,0.010408818111107594,0.005584013010735743,85.94363882957633,3.619120315931868,6.793002490212281,3.6442383642795098
12,6.65530739543542e-05,0.0070530827644161975,0.008485603584416012,0.015538686348832209,2.1597939208758743,2.31277162015029,0.0006756417163898732,7.432058880288605e-05,3.3782085819493665e-05,2.8714772946569617e-05,0.016213316967537448,0.013959818059668236,0.1529777178378441,2.3127716387137185,0.19723875773326083,53.73428035541772,47.25601574964589,72.2911744349005,105.98482704993351,46.26571964458228,91.25393068332731,1.5605239422786563,1.9865887227065518e-07,0.006432348532514256,0.00795108212837402,0.014383430660888276,6.635441508208354e-05,0.0011552556879439336,0.9446020901965085,0.1307602665432777,0.005527977679553509,0.01110554639114561,0.005583927223867294,85.47667489842092,3.613583571310135,7.2595843029358385,3.650157227333094
13,6.622048574952544e-05,0.007022722094457504,0.008490859306386704,0.015513581400844207,2.31277162015029,2.4655005656374582,0.0006735127956449162,7.408640752094078e-05,3.367563978224581e-05,2.862429381490894e-05,0.01618596340267416,0.013959605167593741,0.15272896390952984,2.4655005840598196,0.1973795133457782,53.69267912444723,47.24864221117972,72.1623617104555,105.97834875814418,46.30732087555277,91.40116458763401,1.5579801886593734,8.343672635367519e-08,0.00636223593350985,0.007920072908073362,0.014282308841583212,6.613704902317176e-05,0.0012312725592609954,1.0743430510249252,0.12983992980281422,0.005510559237094769,0.011794632802583338,0.0055838420670374965,85.01329838112822,3.6080643095038543,7.722590725862567,3.6560465835053577
14,6.596021711185123e-05,0.006992545779608069,0.008495973693020879,0.015488519472628949,2.4655005656374582,2.6179819015059613,0.0006713955062067206,7.385350568273927e-05,3.356977531033603e-05,2.8534309013785627e-05,0.016158735645326848,0.01395939343864992,0.15248135415115857,2.6179819197886167,0.19752007877710695,53.65119327389928,47.241283673642684,72.03414906396051,105.97187921946377,46.34880672610072,91.54819955764319,1.55544796897408,3.504342506854358e-08,0.006292887561834592,0.007889184623731876,0.014182072185566469,6.592517368678268e-05,0.0013064472870624802,1.2115802970998517,0.1289282475362867,0.005493235959873169,0.012476113279538754,0.005583757375459969,84.55345130820186,3.6025624185023872,8.182058290990039,3.6619279823057256
15,6.573098148697798e-05,0.0069625526112126745,0.008500947955721939,0.015463500566934614,2.6179819015059613,2.7702163820712613,0.0006692880789011498,7.362168867912648e-05,3.3464403945057494e-05,2.844474335329887e-05,0.016131590819432627,0.013959182695919364,0.15223449870957345,2.770216400215535,0.19766067330610695,53.609757858841554,47.23392863847499,71.90633448362013,105.96540834155981,46.390242141158446,91.69526496454715,1.5529231548421591,1.4718238528788305e-08,0.006224295087410596,0.00785841680369932,0.014082711891109916,6.57162632484492e-05,0.0013807886758246974,1.3562307910071663,0.12802478735771314,0.005475993372827589,0.01315004490066497,0.005583673078367745,84.09709260576567,3.5970778103815073,8.638018985270921,3.66781059858189
16,6.551533831645245e-05,0.0069327412719828,0.008505783200750093,0.015438524472732893,2.7702163820712613,2.9222045947857893,0.0006671897360309472,7.33908709634042e-05,3.3359486801547366e-05,2.8355563781315258e-05,0.0161045105734772,0.013958972861632344,0.15198823072171838,2.9222046127929797,0.19780139088633794,53.568345159462126,47.22657218803503,71.77883149910957,105.95893180021035,46.431654840537874,91.84245908612756,1.5504039811049344,6.181660182091089e-09,0.00615645027095782,0.007827768978164893,0.013984219249122715,6.550915665627035e-05,0.0014543052236101785,1.5082122290338111,0.12712932209802633,0.005458825112980477,0.013816494366058625,0.005583589144652937,83.64418843113762,3.5916104076343043,9.090502797782957,3.673698363445104
17,6.530591851712675e-05,0.0069031104054439185,0.00851048048590886,0.01541359089135278,2.9222045947857893,3.0739470544410032,0.0006651001182917587,7.316101301209346e-05,3.325500591458794e-05,2.826675502739975e-05,0.016077486916332488,0.013958763899858425,0.15174247752660233,3.0739470723123916,0.19794227236684728,53.52694320845791,47.21921219144585,71.65160244784337,105.95244771533342,46.47305679154209,91.98982465151386,1.5478896809869906,2.596297276478258e-09,0.00608934496300438,0.00779724067915005,0.01388658564215443,6.530332221985027e-05,0.0015270052491983491,1.6674430861756309,0.12624171125865188,0.005441728240568935,0.014475532467438176,0.00558350555994337,83.19470811099691,3.5861601374044607,9.539538765538106,3.679592986060553
18,6.509960672316107e-05,0.006873658645168967,0.008515040844482135,0.015388699489651103,3.0739470544410032,3.2254442429771792,0.000663019043106442,7.293209474170862e-05,3.31509521553221e-05,2.8178309332023785e-05,0.01605051623517006,0.013958555792339894,0.15149720627302743,3.225444260714031,0.1980833360941835,53.48554670553028,47.2118476980162,71.52463029237121,105.94595524252703,46.51445329446972,92.13738085165647,1.5453799096374263,1.0904448561208684e-09,0.006022971102907632,0.007766831440501365,0.013789802543408997,6.509851627830496e-05,0.0015988969462421062,1.8338426324276722,0.1253618512168532,0.005424701261779979,0.015127231477458284,0.005583422316935958,82.74862243395218,3.580726929052152,9.985155402929392,3.6854952340662606
19,6.489508413977446e-05,0.006844384627054504,0.008519465295360878,0.015363849922415383,3.2254442429771792,3.3766966263212863,0.0006609464027150268,7.270410429865295e-05,3.304732013575134e-05,2.8090222115388643e-05,0.016023596768998682,0.013958348528300753,0.15125240094767195,3.376696643924851,0.1982245908788724,53.44415317321647,47.20447825697825,71.39790671850133,105.93945397628625,46.55584682678353,92.28513690258615,1.5428745006555156,4.579868395707648e-10,0.005957320717885939,0.00773654079788341,0.013693861515769349,6.489462615293489e-05,0.0016699884066460335,2.007330935707569,0.12448965430687443,0.005407743294941129,0.015771663934536075,0.005583339411320301,82.30590293237296,3.575310713125156,10.427380878398433,3.691405476103445
20,6.469179076965845e-05,0.006815286994446539,0.008523754847345901,0.01533904184179244,3.3766966263212863,3.5277046615229235,0.0006588821211978702,7.247703333176572e-05,3.294410605989351e-05,2.8002490150909485e-05,0.015996727541640183,0.013958142100149036,0.15100805267315218,3.5277046789944384,0.1983660414893552,53.402761330410144,47.19710362945409,71.27142710896821,105.93294369714273,46.597238669589856,92.43309779221248,1.54037336325621,1.9235447261972124e-10,0.005892385922060982,0.0077063682887716645,0.013598754210832648,6.469159841518583e-05,0.0017402876309597932,2.1878288586450667,0.12362504002897381,0.005390853718891665,0.016408902085227082,0.005583256840059615,81.86652157984764,3.5699114209225935,10.866243087541273,3.697323911688496
21,6.448948711387202e-05,0.006786364400251545,0.008527910500994475,0.01531427490124602,3.5277046615229235,3.6784687997926735,0.0006568261363500495,7.225087499850545e-05,3.2841306817502475e-05,2.7915110794877107e-05,0.015969907911074936,0.013957936501664254,0.15076415561043785,3.6784688171333615,0.1985076909797462,53.36137040420168,47.189723666500775,71.1451884206989,105.92642426453041,46.63862959579832,92.58126671521579,1.5378764388359893,8.078887850028293e-11,0.005828158915510517,0.007676313452445455,0.013504472367955971,6.448940632499352e-05,0.0018098025332900485,2.375258052606571,0.12276793135222591,0.005374032024682223,0.017039017632864018,0.005583174600665702,81.4304506632519,3.5645289843086307,11.30176968383084,3.703250668608635
22,6.428806905958713e-05,0.006757615507776504,0.008531933249430931,0.015289548757207436,3.6784687997926735,3.8289894878097557,0.0006547783920350947,7.202562312386041e-05,3.2738919601754735e-05,2.7828081661491525e-05,0.01594313737909861,0.01395773172723276,0.1505207052281532,3.828989505020827,0.19864954167606907,53.31997983872223,47.18233825747424,71.01918828828306,105.91989557139415,46.68002016127777,92.72964610467493,1.5353836826267022,3.3931328970118835e-11,0.005764631983331453,0.007646375829980918,0.013411007813312371,6.428803512825816e-05,0.0018785409438950643,2.569540950508903,0.1219182531567609,0.005357277753014412,0.017662081627484748,0.005583092690893104,80.99766272816895,3.5591633356315113,11.73398809201251,3.7091858441870023
23,6.408748969985895e-05,0.006729038991033356,0.008535824078720097,0.015264863069753453,3.8289894878097557,3.979267168298581,0.0006527388349576942,7.180127184534636e-05,3.263694174788471e-05,2.7741400485702006e-05,0.015916415510915237,0.013957527771525018,0.1502776975714758,3.9792671853812314,0.19879159559409332,53.2785891719585,47.17494730816692,70.8934246452701,105.91335752495814,46.7214108280415,92.8782380691352,1.5328950559453314,1.4251158167449912e-11,0.00570179749471314,0.007616554964243992,0.013318352458957131,6.408747544870078e-05,0.0019465106107963218,2.7706007591334054,0.12107593157462081,0.00534059046783568,0.018278164420409297,0.005583011108610007,80.56813055512384,3.5538144076871836,12.162925514423556,3.7151295227654044
24,6.388772631513624e-05,0.00670063353481793,0.008539583968056095,0.015240217502874024,3.979267168298581,4.129302280296356,0.0006507074132997802,7.157781546297583e-05,3.253537066498901e-05,2.765506506524066e-05,0.015889741901158962,0.013957324629359228,0.1500351289531888,4.12930229725177,0.19893385461634452,53.23719798363411,47.16755073155145,70.76789556414403,105.90681003857819,46.76280201636589,93.02704457776636,1.530410522918916,5.985486430328964e-12,0.0056396479020207665,0.007586850399883441,0.013226498301904206,6.388772032964982e-05,0.002013719200969818,2.978361451263352,0.12024089370808812,0.0053239697451800206,0.01888733564817698,0.0055829298517436916,80.14182714876291,3.5484821337015733,12.588608934424856,3.7210817831106575
25,6.368876642824378e-05,0.006672397834694104,0.008543213889872985,0.015215611724567089,4.129302280296356,4.279095259290024,0.0006486840761424092,7.135524837566502e-05,3.243420380712046e-05,2.756907323605239e-05,0.015863116159523502,0.01395712229564349,0.1497929958230165,4.279095276119373,0.1990763205670857,53.1958058731582,47.16014844386312,70.64259918864433,105.90025302829302,46.8041941268418,93.17606753879268,1.5279300490995331,2.513904300738165e-12,0.00557817573988874,0.007557261683323895,0.013135437423212635,6.368876391433948e-05,0.002080174301354454,3.192747757790232,0.1194130675066049,0.005307415168437893,0.019489664229716305,0.005582848918257396,79.71872573247275,3.5431664473208837,13.011065118654642,3.727042701551711
26,6.349060191473045e-05,0.006644330596938343,0.008546714809922163,0.015191045406860506,4.279095259290024,4.428646537297835,0.000646668773219013,7.113356505409143e-05,3.233343866095065e-05,2.7483422861808053e-05,0.01583653790467235,0.01395692076535115,0.14955129471225273,4.428646554002277,0.19921899524406156,53.15441245029461,47.152740362940435,70.51753370508433,105.89368641136127,46.84558754970539,93.32530883270029,1.5254536008775237,1.0558398063100295e-12,0.005517373624323953,0.007527788362758932,0.013045161987082884,6.349060085889064e-05,0.002145883419777622,3.413685159853883,0.11859238171035202,0.005290926326337379,0.02008521836942284,0.00558276830614046,79.29879974528616,3.537867282605273,13.430320618800542,3.7330123533080077
27,6.32932265152397e-05,0.0066164305384678445,0.00855008768733545,0.015166518225803295,4.428646537297835,4.577956542927342,0.0006446614548084047,7.091276002892452e-05,3.2233072740420235e-05,2.7398111829357204e-05,0.0158100067616461,0.01395672003351009,0.14931002221018674,4.577956559508022,0.1993618804319313,53.113017331212895,47.14532640752339,70.39269733013806,105.8871101056436,46.886982668787105,93.47477032628768,1.5229811452318534,4.434527186502124e-13,0.005457234251818822,0.007498429988144172,0.012955664239962994,6.329322607178699e-05,0.0022108539858403005,3.641099881045092,0.1177787658218768,0.005274502812068766,0.02067406556283716,0.005582688013404035,78.882022839751,3.532584574023933,13.846401773173579,3.7389908130514993
28,6.309663478464495e-05,0.006588696386762103,0.008553333474681872,0.015142029861443975,4.577956542927342,4.727025701423247,0.0006426620716867462,7.069282788554208e-05,3.213310358433731e-05,2.7313138046686713e-05,0.01578352236074669,0.013956520095197924,0.14906917495395816,4.7270257178812995,0.19950497790794272,53.071620136815866,47.137906496956795,70.2680883055816,105.88052402934177,46.928379863184134,93.62445387860096,1.520512649622862,1.8625014183308923e-13,0.005397750398473997,0.00746918611119041,0.012866936509664407,6.309663459839481e-05,0.002275093351779568,3.8749188796828884,0.11697215008955143,0.0052581442228915596,0.021256272603436027,0.005582608038079169,78.46836888020593,3.527318256450807,14.259334708199257,3.7449781551440307
29,6.290082164796593e-05,0.006561126879782028,0.008556453118021475,0.015117579997803502,4.727025701423247,4.875854434710783,0.0006406705751044193,7.047376326148612e-05,3.2033528755220967e-05,2.722849944193782e-05,0.015757084337045445,0.013956320945539691,0.14882874962408355,4.8758544510473305,0.19964828944431898,53.0302204920302,47.13048055106486,70.14370489597177,105.87392810088903,46.9697795079698,93.77436134342997,1.5180480819451467,7.822505956989749e-14,0.00533891491913063,0.007440056285356767,0.012778971204487398,6.290082156974087e-05,0.0023386087933161045,4.115069841171473,0.11617246549605112,0.005241850159945248,0.02183190558987132,0.005582528378215877,78.05781194122996,3.522068265160651,14.669145339872202,3.7509744537372023
30,6.270578221254351e-05,0.006533720765888344,0.008559447556957634,0.015093168322845978,4.875854434710783,5.024443161437012,0.0006386869167734129,7.025556084507542e-05,3.1934345838670645e-05,2.714419396287005e-05,0.015730692330154592,0.013956122579706591,0.14858874294237892,5.024443177653162,0.1997918168092546,52.9888180255042,47.12304849009871,70.01954538756533,105.86732223890463,47.0111819744958,93.92449457034996,1.515587410505852,3.285452501935695e-14,0.0052807207465121065,0.007411040065843876,0.012691760812355983,6.270578217968898e-05,0.0024014075104899953,4.3614811704384415,0.11537964374898943,0.005225620228146106,0.022401029933360763,0.005582449031882637,77.65032630616734,3.5168345358251956,15.075859375193474,3.756979782813998
31,6.251151168843881e-05,0.0065064768037600106,0.008562317724688434,0.015068794528448445,5.024443161437012,5.172792297011055,0.0006367110488591745,7.00382153745092e-05,3.1835552442958725e-05,2.7060219576514918e-05,0.015704345984110142,0.013955924992915167,0.14834915167089463,5.172792313107907,0.199935561767317,52.94741236947783,47.11561023471329,69.89560808776255,105.86070636217339,47.05258763052217,94.07485540514361,1.5131306040136885,1.379890050812992e-14,0.0052231608903751245,0.007382137009587085,0.01260529789996221,6.251151167463991e-05,0.0024634966284862343,4.614081984454529,0.11459361727250918,0.005209454036120519,0.02296371036509886,0.005582369997166067,77.24588646568708,3.511617004509362,15.479502313597811,3.762994216205754
32,6.23180053545392e-05,0.006479393762312981,0.008565064548057385,0.015044458310370365,5.172792297011055,5.320902253643695,0.0006347429239743926,6.982172163718319e-05,3.173714619871963e-05,2.697657426891169e-05,0.015678044947301857,0.013955728180426688,0.14810997261127845,5.320902269622334,0.20007952607960958,52.90600315972519,47.10816570595965,69.77189132477251,105.85408038964144,47.09399684027481,94.22544568996817,1.5106776315724904,5.795538213414567e-15,0.005166228436670035,0.007353346675249696,0.012519575111919732,6.231800534874366e-05,0.002524883198450633,4.8728021048344665,0.11381431919932297,0.005193351196154121,0.023520010943630695,0.005582291272170675,76.84446711635952,3.506415607667631,15.880099448374123,3.769017827598726
33,6.21252585439707e-05,0.006452470420619406,0.008567688947603593,0.015020159368222999,5.320902253643695,5.468773440386515,0.000632782495173605,6.960607446909655e-05,3.163912475868025e-05,2.6893256044878213e-05,0.015651788872423213,0.01395553213754661,0.14787120260432057,5.468773456248015,0.2002237115038165,52.864590035527726,47.10071482527971,69.64839344737248,105.84744424041035,47.135409964472274,94.37626726340613,1.5082284626766969,2.4341260496341183e-15,0.005109916546710332,0.007324668623216222,0.012434585169926553,6.212525854153657e-05,0.0025855741982964454,5.137572050518265,0.1130416833629908,0.005177311324147677,0.024069995062163473,0.005582212855018644,76.44604315924316,3.501230282140414,16.277675868080202,3.7750506905362387
34,6.193326663766588e-05,0.006425705567827357,0.00857019183761143,0.014995897405438786,5.468773440386515,5.616406263170665,0.0006308297159481687,6.939126875429855e-05,3.154148579740843e-05,2.681026292779717e-05,0.015625577416429802,0.013955336859624067,0.14763283852957512,5.616406278916091,0.20036811979421446,52.82317263966012,47.093257514505666,69.52511282470725,105.8407978337389,47.17682736033988,94.52732196047555,1.505783067207645,1.0223329408463299e-15,0.0050542184563511896,0.007296102415585678,0.012350320871936868,6.193326663664354e-05,0.002645576533501918,5.408323030532121,0.11227564429034445,0.005161334039575925,0.024613725455805105,0.005582134743849627,76.05058969847849,3.4960609651503525,16.672256457952113,3.7810928784190274
35,6.17420250613773e-05,0.00639909800308107,0.00857257412615971,0.01497167212924078,5.616406263170665,5.76380112484528,0.000628884540221472,6.917729942436191e-05,3.14442270110736e-05,2.672759295941256e-05,0.015599410240501481,0.013955142342051396,0.14739487730501585,5.763801140475681,0.20051275270166527,52.78175061838147,47.085793695860296,69.40204784610603,105.83414108904492,47.21824938161853,94.67861161262033,1.5033414154302156,4.2937983515545857e-16,0.004999127475176962,0.007267647616164895,0.012266775091341857,6.174202506094791e-05,0.002704897037898923,5.684986936828108,0.11151613719402079,0.005145418965448407,0.0251512642087261,0.005582056936820559,75.65808203988774,3.490907594298942,17.0638659013085,3.7871444645048062
36,6.155152928415216e-05,0.006372646535441734,0.008574836715170429,0.014947483250612164,5.76380112484528,5.910958425215568,0.0006269469223441862,6.896416145786048e-05,3.134734611720931e-05,2.6645244199627916e-05,0.015573287010006084,0.013954948580263669,0.14715731588670625,5.910958440731986,0.20065761197359047,52.740323621428466,47.07832329195479,69.27919692090664,105.8274739259018,47.259676378571534,94.83013804768866,1.5009034779896318,1.8033953076529262e-16,0.004944636985697533,0.007239303790461851,0.012183940776159384,6.155152928397182e-05,0.00276354247445278,5.9674963372017835,0.11076309796508695,0.005129565728270615,0.025682672761243197,0.005581979432105468,75.26849568957988,3.485770107562831,17.452528680949726,3.793205521907543
37,6.136177481742257e-05,0.006346349983808817,0.008576980500457016,0.014923330484265833,5.910958425215568,6.05787856108058,0.0006250168170896557,6.875184987986213e-05,3.125084085448279e-05,2.656321472631037e-05,0.015547207394463946,0.013954755569738214,0.1469201512684766,6.057878576484044,0.20080269935395956,52.69889130200933,47.07084622579082,69.15655847828386,105.82079626404375,47.30110869799067,94.98190308991582,1.4984692259083257,7.57426029214229e-17,0.00489074044255343,0.00721107050567905,0.01210181094823248,6.136177481734682e-05,0.002821519536033353,6.255784468286853,0.1100164631657505,0.005113773958006274,0.026208011916824543,0.005581902227895286,74.8818063525611,3.480648443290497,17.838269080551765,3.799276123596632
38,6.117275721436242e-05,0.0063202071768419235,0.008579006371772157,0.01489921354861408,6.05787856108058,6.204561926270654,0.0006230941796492847,6.854035976142133e-05,3.1154708982464236e-05,2.6481502635094603e-05,0.015521171067512798,0.013954563305994178,0.14668338048160492,6.204561941562185,0.20094801658326558,52.657453316797934,47.06336242075951,69.03413096707926,105.81410802336444,47.342546683202066,95.13390855990114,1.4960386305828441,3.1811893226997623e-17,0.004837431371729597,0.007182947330706901,0.0120203787024365,6.117275721433062e-05,0.0028788348461775796,6.549785228626044,0.10927617002215027,0.005098043288039603,0.026727341849017365,0.005581825322397671,74.49798993135029,3.475542540198636,18.221111186055023,3.805356342396042
39,6.098447206935599e-05,0.0062942169528832,0.00858091521285515,0.01487513216573835,6.204561926270654,6.351008911684549,0.0006211789656280529,6.832968621908582e-05,3.105894828140265e-05,2.640010603919225e-05,0.015495177706872953,0.013954371784592055,0.14644700059450003,6.351008926865154,0.20109356539850545,52.616009325927806,47.055871800641675,68.91191285563276,105.80740912391835,47.383990674072194,95.2861562745871,1.4936116637807706,1.3360995155339004e-17,0.004784703369777744,0.007154933836117145,0.01193963720589489,6.0984472069342625e-05,0.0029354949598434602,6.849433171817325,0.1085421564172264,0.005082373355138614,0.027240722108298206,0.005581748713836822,74.1170225245998,3.470452337368996,18.60107888704773,3.8114462509834777
40,6.079691501752069e-05,0.006268378159880265,0.008582707901478845,0.01485108606135911,6.351008911684549,6.4972199053262605,0.0006192711310399999,6.811982441439999e-05,3.0963556552e-05,2.63190230692e-05,0.01546922699431263,0.01395418100113325,0.1462110087123863,6.497219920396936,0.20123934753316036,52.57455899298592,47.04837428960769,68.7899026316145,105.80069948592134,47.42544100701408,95.438648047239,1.491188297637663,5.6116179652423825e-18,0.004732550103047167,0.0071270295941562875,0.011859579697203453,6.079691501751508e-05,0.0029915063641556567,7.154663499734642,0.1078143608836678,0.005066763799418182,0.027748211628847014,0.0055816724004533,73.73888042572152,3.4653777742448133,18.978195878144106,3.8175459218895655
41,6.061008173425096e-05,0.006242689655309674,0.008584385309496121,0.014827074964805795,6.4972199053262605,6.643195292341518,0.000617370632303805,6.791076955341855e-05,3.0868531615190254e-05,2.6238251872911717e-05,0.015443318615613471,0.01395399095125963,0.14597540197698994,6.643195307303251,0.20138536471717963,52.53310198500634,47.04086981221808,68.66809880185804,105.79397902975296,47.46689801499366,95.59138568742668,1.4887685046540045,2.356879545401801e-18,0.004680965306923953,0.007099234178739078,0.01178019948566303,6.0610081734248605e-05,0.0030468754791427646,7.465412055822345,0.10709272259693665,0.005051214264303859,0.028249868735245577,0.005581596380503852,73.36354012151833,3.4603187906275337,19.352485660357075,3.8236554274970773
42,6.042396793477628e-05,0.006217150306100916,0.008585948302885947,0.014803098608986862,6.643195292341518,6.788935455053976,0.0006154774262384032,6.770251688622436e-05,3.077387131192016e-05,2.615779061513214e-05,0.0154174522605362,0.013953801630653089,0.14574017756622668,6.788935469907744,0.20153161867696048,52.491637972463565,47.03335829342284,68.54649989219402,105.78724767595585,47.508362027536435,95.74437100100462,1.4863522576921637,9.898894090687564e-19,0.004629942785078482,0.007071547165441995,0.011701489950520477,6.0423967934775294e-05,0.0031016086584663843,7.78161531846246,0.10637718136836799,0.005035724396496027,0.02874575114910145,0.005581520652261236,72.99097829082066,3.4552753266735343,19.723971542465645,3.8297748400401828
43,6.023856937372722e-05,0.00619175898856093,0.008587397741799004,0.014779156730359934,6.788935455053976,6.934440773001098,0.0006135914700586623,6.749506170645284e-05,3.0679573502933113e-05,2.6077637477493147e-05,0.015391627622786458,0.013953613035035116,0.14550533269389093,6.934440787747867,0.20167811113532888,52.45016662926576,47.02583965856093,68.42510444728487,105.78050534523578,47.54983337073424,95.8976057900931,1.4839395299733662,4.157535518088777e-19,0.004579476408721126,0.007043968131496771,0.011623444540217898,6.0238569373726804e-05,0.0031557121901420356,8.103210394414036,0.10566767763834453,0.005020293845934509,0.029235915995597838,0.005581445214014046,72.6211718031287,3.4502473228909274,20.092676642376635,3.8359042316037284
44,6.005388184470836e-05,0.006166514588299154,0.008588734480602898,0.014755249068902052,6.934440773001098,7.079711622969717,0.0006117127213710638,6.728839935081702e-05,3.0585636068553195e-05,2.5997790658270215e-05,0.015365844399980717,0.013953425160166356,0.14527086460934577,7.079711637610444,0.2018248438115294,52.40868763274755,47.0183138333614,68.3039110304598,105.77375195846507,47.59131236725245,96.05109185306434,1.481530295074676,1.7461649175972866e-19,0.004529560115866066,0.007016496655783934,0.01154605677165,6.0053881844708187e-05,0.0032091922972520524,8.430135012323712,0.10496415246954545,0.005004922265763249,0.029720419809970554,0.005581370064066542,72.2540977172602,3.4452347201362126,20.458623888481036,3.8420436741225767
45,5.98699011798743e-05,0.006141416000153091,0.008589959367926928,0.01473137536808002,7.079711622969717,7.224748379031302,0.0006098411381694836,6.70825251986432e-05,3.049205690847418e-05,2.5918248372203055e-05,0.015340102293612429,0.013953238001846198,0.1450367705972151,7.224748393566932,0.20197181842120518,52.367200663662864,47.01078074394216,68.18291822355096,105.76698743668132,47.632799336337136,96.20483098452385,1.4791245269259894,7.333892653908605e-20,0.004480187910603126,0.006989132318826376,0.011469320229429501,5.9869901179874226e-05,0.003262055138650518,8.762327516306751,0.10426654754026819,0.004989609312295776,0.030199318543912657,0.00558129520073848,71.88973328000331,3.4402374596112133,20.821836021004543,3.8481932393809437
46,5.9686623249512543e-05,0.006116462128114392,0.008591073246706467,0.014707535374820859,7.224748379031302,7.369551412576908,0.000607976678830966,6.687743467140627e-05,3.0398833941548303e-05,2.5839008850316057e-05,0.015314401009018241,0.013953051555912347,0.14480304797707622,7.369551427008378,0.20211903667638229,52.32570540617723,47.00324031680946,68.06212462672998,105.7602117010871,47.67429459382277,96.35882497529519,1.4767221998070372,3.0802349146416143e-20,0.004431353862377552,0.006961874702782953,0.011393228565160505,5.968662324951251e-05,0.003314306809660354,9.09972685959774,0.10357480513782277,0.004974354644980631,0.030672667571907876,0.005581220622364939,71.52805592477564,3.435255482859809,21.18233559335275,3.854352999011804
47,5.950404396162901e-05,0.0060916518852554575,0.00859207695422691,0.014683728839482367,7.369551412576908,7.514121092351825,0.0006061193021115854,6.66731232322744e-05,3.0305965105579274e-05,2.5760070339742383e-05,0.015288740255344425,0.013952865818240408,0.14456969410315457,7.514121106680062,0.20226650028546223,52.28420154786021,46.99569247885917,67.94152885834576,105.75342467305431,47.71579845213979,96.51307561240792,1.4743232883443997,1.2936986641494783e-20,0.0043830521052776366,0.0069347233914420995,0.011317775496719737,5.9504043961629e-05,0.0033659533427626304,9.442272598270165,0.1028888681519976,0.004959157926367517,0.03114052169749327,0.005581146327296163,71.16904327028837,3.4302887317649144,21.540144973450403,3.8605230244963074
48,5.932215926153953e-05,0.006066984193656556,0.008592971322167223,0.014659955515823778,7.514121092351825,7.658457784489923,0.0006042689671423289,6.646958638565618e-05,3.021344835711645e-05,2.568143110354898e-05,0.015263119745513415,0.013952680784743482,0.14433670636401935,7.658457798715845,0.20241421095320083,52.24268877967728,46.988137157374354,67.82112955476228,105.74662627412016,47.75731122032272,96.66758467908068,1.4719277675085318,5.43353438942781e-21,0.0043352768373301105,0.006907677970215475,0.011242954807545585,5.932215926153952e-05,0.003417000708278193,9.789904885024137,0.10220868006859624,0.004944018822073601,0.03160293515945211,0.005581072313897393,70.8126731192164,3.425337148545368,21.895286345074986,3.8667033871632377
49,5.9140965131465056e-05,0.006042457984333448,0.008593757176643093,0.014636215160976542,7.658457784489923,7.80256185254769,0.0006024256334250146,6.62668196767516e-05,3.0121281671250728e-05,2.560308942056312e-05,0.01523753919619052,0.01395249645137175,0.14410408218228068,7.802561866672204,0.20256217038070468,52.20116679598178,46.98057428002717,67.70092537019792,105.73981642599244,47.79883320401822,96.82235395471221,1.4695356126108008,2.2820844435596804e-21,0.004288022319803212,0.006880738026131634,0.011168760345934847,5.9140965131465056e-05,0.0034674548150416956,10.142564463041454,0.10153418496304406,0.004928937000750119,0.032059961637937825,0.0055809985805487005,70.45892345687407,3.420400675752814,22.247781709184625,3.872894158188498
50,5.8960457590130485e-05,0.006018072197165526,0.008594435338249667,0.014612507535415193,7.80256185254769,7.946433657537975,0.0006005892608282892,6.606481869111181e-05,3.0029463041414463e-05,2.552504358520229e-05,0.015211998327750784,0.013952312814112078,0.14387181901428833,7.946433671561978,0.2027103802654117,52.159635294506465,46.973003774876474,67.58091497656507,105.73299505054594,47.840364705493535,96.97738521486573,1.4671467993005325,9.584754662950658e-22,0.004241282876517358,0.00685390314782972,0.011095186024347078,5.8960457590130485e-05,0.0035173215110681152,10.50019265990728,0.10086532749406435,0.004913912134049639,0.03251165426052951,0.005580925125644831,70.10777244989661,3.4154792562688208,22.59765288523994,3.8790954085946274
51,5.878063269236946e-05,0.00599382578082445,0.008595006622103907,0.014588832402928357,7.946433657537975,8.090073557963423,0.0005987598095836156,6.586357905419771e-05,2.9937990479180778e-05,2.5447291907303663e-05,0.015186496864245981,0.013952129868987612,0.14363991434983125,8.090073571887807,0.20285884230108311,52.118093976354984,46.965425570368026,67.46109706331059,105.72616206982426,47.881906023645016,97.13268023125886,1.4647613035620728,4.0255969584392763e-22,0.004195052893163319,0.006827172925553185,0.011022225818716504,5.878063269236946e-05,0.0035666065842118524,10.862731381597701,0.10020205289742276,0.004898943896593218,0.0329580656082202,0.0055808519475950445,69.75919844492755,3.41057283330173,22.944921512520324,3.885307209250366
52,5.860148652873114e-05,0.005969717692703295,0.008595471837886547,0.014565189530589842,8.090073557963423,8.23348190984962,0.0005969372402813611,6.566309643094972e-05,2.9846862014068055e-05,2.5369832711957846e-05,0.015161034533371798,0.013951947612057385,0.14340836571183932,8.233481923675262,0.20300755817779928,52.07654254599308,46.957839595335415,67.34147033725715,105.71931740604329,47.92345745400692,97.288240771756,1.4623791017118573,1.6907507225444964e-22,0.004149326816627838,0.006800546951143527,0.010949873767771366,5.860148652873114e-05,0.003615315762818476,11.230123106532423,0.09954430697973969,0.00488403196593841,0.033399247721338246,0.005580779044822954,69.41317996731179,3.405681350383871,23.289609051434102,3.891529630870218
53,5.8423015225093416e-05,0.005945746898846201,0.008595831789883669,0.01454157868872987,8.23348190984962,8.376659066777936,0.0005951215138668796,6.546336652535676e-05,2.9756075693343982e-05,2.5292664339342386e-05,0.015135611066435154,0.013951766039415937,0.14317717065608596,8.376659080505707,0.203156529581936,52.034980711239655,46.950245778996155,67.22203352244526,105.71246098158429,47.965019288760345,97.44406860035171,1.4600001703954963,7.101153034686885e-23,0.004104099154326595,0.006774024818034068,0.010878123972360662,5.8423015225093416e-05,0.003663454716369207,11.602310879691851,0.09889203611236966,0.004869176022547197,0.03383525210540273,0.005580706415766375,69.06969571979462,3.400804751368528,23.631736784822767,3.897762744014077
54,5.824521494227867e-05,0.005921912373878512,0.008596087277027887,0.014517999650906398,8.376659066777936,8.519605379918065,0.0005933125916366461,6.526438508003107e-05,2.9665629581832304e-05,2.521578514455746e-05,0.015110226198321659,0.013951585147192913,0.14294632677089222,8.519605393548828,0.20330575819617705,51.99340818325759,46.942644050956076,67.10278535997612,105.70559271900501,48.00659181674241,97.60016547717203,1.4576244865848678,2.982484274568492e-23,0.004059364473544435,0.006747606121243734,0.01080697059478817,5.824521494227867e-05,0.0037110290561182292,11.979238306797903,0.09824518722534699,0.004854375749754377,0.03426612973691371,0.005580634058877165,68.7287245812268,3.3959429804270145,23.971325819259338,3.9040066190868603
55,5.806808187567334e-05,0.005898213100937419,0.008596239092939158,0.014494452193876578,8.519605379918065,8.662321198060292,0.0005915104352344831,6.506614787579314e-05,2.9575521761724155e-05,2.5139193497465532e-05,0.015084879667463285,0.013951404931552698,0.14271583167683277,8.662321211594898,0.20345524569948192,51.95182467654453,46.935034341203114,66.98372460785525,105.69871254102775,48.04817532345547,97.75653315845415,1.455252027575225,1.2526433953187669e-23,0.0040151174007828005,0.006721290457370884,0.010736407858153683,5.806808187567334e-05,0.0037580443357228942,12.36084954855776,0.09760370780139713,0.00483963083373668,0.034691931069077885,0.0055805619726210795,68.39024560527524,3.39109598204605,24.308397086340538,3.910261326338176
56,5.78916122548545e-05,0.0058746480716030955,0.008596288025965213,0.014470936097568308,8.662321198060292,8.80480686764744,0.0005897150066477187,6.486865073124905e-05,2.948575033238594e-05,2.5062887782528046e-05,0.01505957121580611,0.01395122538869402,0.14248568302644224,8.804806881086733,0.20360499376710384,51.91022990892322,46.927416580112435,66.86485004083671,105.69182037055239,48.08977009107678,97.91317339655144,1.4528827709823162,5.261102260338821e-24,0.003971352621114268,0.006695077424587137,0.010666430045701406,5.78916122548545e-05,0.0038045060518669023,12.747089314969934,0.09696754587001277,0.004824940963481334,0.03511270603747051,0.005580490155477609,68.05423801914029,3.386263701024566,24.642971343973105,3.9165269358620343
57,5.771580234321531e-05,0.005851216285830317,0.008596234859221624,0.014447451145051941,8.80480686764744,8.947062732806543,0.0005879262682035104,6.467188950238614e-05,2.9396313410175522e-05,2.4986866398649196e-05,0.015034300588778316,0.0139510465148496,0.14225587850392452,8.947062746151364,0.20375500407055813,51.86862360153198,46.91979069844013,66.74616045026856,105.68491613064396,48.13137639846802,98.07008793991416,1.4505166947395156,2.2096629493423052e-24,0.003928064877544122,0.006668966622631247,0.01059703150017537,5.771580234321531e-05,0.0038504196448765713,13.137902859691913,0.09633665000159428,0.004810305830755994,0.035528504065634424,0.00558041860593984,67.72068122227832,3.3814460824712342,24.975069177653893,3.9228035175965603
58,5.754064843759961e-05,0.0058279167518805785,0.008596080370631488,0.014423997122512067,8.947062732806543,9.089089135380235,0.000586144182565137,6.447586008216507e-05,2.930720912825685e-05,2.4911127759018323e-05,0.01500906753525829,0.013950868306285762,0.1420264158248624,9.089089148631405,0.20390527827763813,51.82700547881481,46.912156627327455,66.62765464393868,105.67799974454411,48.17299452118519,98.22727853309404,1.4481537770949666,9.280584387237683e-25,0.003885248970378891,0.006642957652802985,0.010528206623181876,5.754064843759961e-05,0.0038957904993301914,13.533235974468694,0.09571096930165342,0.004795725130078394,0.03593937407061628,0.005580347322514305,67.38955478513087,3.376643071801633,25.30471100174375,3.9290911413237524
59,5.736614686793831e-05,0.00580474848625469,0.008595825332964765,0.014400573819219456,9.089089135380235,9.230886414957821,0.0005843687127283034,6.428055840011337e-05,2.921843563641517e-05,2.4835670290952895e-05,0.014983871807542867,0.01395069075930208,0.1417972927359287,9.230886428116163,0.20405581805239614,51.78537526851136,46.904514298296995,66.50933144592155,105.67107113566409,48.21462473148864,98.38474691673206,1.4457939966087394,3.897845442639827e-25,0.003842899756601761,0.006617050117957053,0.010459949874558814,5.736614686793831e-05,0.003940623944660642,13.93303498362155,0.09509045340508013,0.0047811985586861195,0.036345364468441645,0.005580276303720832,67.06083844785991,3.3718546147352897,25.631917060735553,3.935389876669272
60,5.719229399688745e-05,0.005781710513625858,0.008595470513877239,0.014377181027503096,9.230886414957821,9.3724549089061,0.0005825998220175942,6.408598042193536e-05,2.9129991100879712e-05,2.4760492435747757e-05,0.014958713161315819,0.013950513870231008,0.14156850701459986,9.372454921972421,0.20420662505514253,51.74373270164683,46.89686364325274,66.39118969642587,105.66413022758712,48.25626729835317,98.54249482755542,1.4434373321499983,1.6370950859087276e-25,0.003801012149254802,0.006591243622497021,0.010392255771751823,5.719229399688745e-05,0.003984925255751273,14.337246738596365,0.09447505247047112,0.004766725816507589,0.036746523179528735,0.0055802055480924035,66.73451211908873,3.367080657293363,25.956707430515667,3.941699793102234
61,5.7019086219475316e-05,0.005758801866773248,0.00859501667594913,0.014353818542722378,9.3724549089061,9.513794952399865,0.000580837474082807,6.389212214910877e-05,2.9041873704140353e-05,2.46855926485193e-05,0.014933591355616381,0.013950337635437531,0.14134005646886938,9.51379496537497,0.20435770094244698,51.70207751252156,46.889204594480546,66.2732282516428,105.65717694407094,48.29792248747844,98.70052399837604,1.4410837628941855,6.875799360816656e-26,0.0037595811168279246,0.006565537772369283,0.010325118889197207,5.7019086219475316e-05,0.004028699653525172,14.74581861257083,0.09386471717452007,0.004752306606132058,0.03714289763404224,0.0055801350541750125,66.4105558746498,3.362321145795473,26.279102019619675,3.94802095993506
62,5.684651996274649e-05,0.005736021586516021,0.008594464576723351,0.014330486163239372,9.513794952399865,9.654906878452149,0.0005790816328955158,6.369897961850674e-05,2.895408164477579e-05,2.4610969398059424e-05,0.014908506152808082,0.0139501620513188,0.14111193893696464,9.654906891336829,0.20450904736712802,51.660409438700704,46.88153708464569,66.15544598359544,105.6502112090447,48.339590561299296,98.85883615808332,1.4387332683202116,2.887835731542996e-26,0.0037186016826545004,0.006539932175057043,0.010258533857711543,5.684651996274649e-05,0.004071952305527829,15.158698495119888,0.09325939870646857,0.004737940632781493,0.03753453477718705,0.00558006482052752,66.08894995633784,3.3575760268576236,26.599120570481215,3.9543534463233203
63,5.667459168541776e-05,0.0057133687216478525,0.008593814968743417,0.01430718369039127,9.654906878452149,9.795791017944172,0.0005773322627454908,6.3506548902004e-05,2.886661313727454e-05,2.453662116668336e-05,0.014883457318547628,0.013949987114303798,0.1408841522870636,9.795791030739212,0.2046606659782498,51.61872822100345,46.873861046791916,66.03784177998851,105.64323294660844,48.38127177899655,99.01743303164137,1.4363858282076687,1.2128910072480584e-26,0.0036780689243135663,0.00651442643957432,0.010192495363887886,5.667459168541776e-05,0.004114688326503383,15.575834786938769,0.09265904876261714,0.004723627604281288,0.03792148107444365,0.005579994845721519,65.76967477066998,3.352845247389139,26.916782660675253,3.9606973212656307
64,5.6503297877530826e-05,0.005690842328871917,0.008593068599591,0.014283910928462918,9.795791017944172,9.936447699655004,0.0005755893282372442,6.331482610609686e-05,2.877946641186221e-05,2.446254645008288e-05,0.01485844462175397,0.013949812820852973,0.14065669441701364,9.936447712361186,0.2048125584211239,51.57703360349236,46.86617641434152,65.92041454405924,105.63624208103549,48.42296639650764,99.17631634008839,1.434041422634045,5.094142230441846e-27,0.0036379779730385483,0.00648902017645998,0.010126998149498528,5.6503297877530826e-05,0.00415691277896439,15.997176394622961,0.0920636195408957,0.004709367231031998,0.03830378251674474,0.00557992512834119,65.45271088765172,3.348128754590126,27.23210770415458,3.96705265360356
65,5.63326350601107e-05,0.005668441472736348,0.008592226211923152,0.0142606676846595,9.936447699655004,10.076877250290964,0.0005738527942866663,6.312380737153329e-05,2.8692639714333317e-05,2.438874375718332e-05,0.014833467834577611,0.013949639167457915,0.14042956325405234,10.076877262909056,0.20496472633731502,51.535325333462424,46.858483121096086,65.8031631944291,105.62923853677624,48.464674666537576,99.3354878005388,1.4317000319719613,2.1395397367855757e-27,0.0035983240131324283,0.006463712997771786,0.010062037010904214,5.63326350601107e-05,0.004198630673755286,16.4226727255045,0.09147306373549285,0.004695159225981816,0.038681484625594516,0.0055798556669831665,65.13803903954907,3.343426495949263,27.545114952480134,3.9734195120215543
66,5.6162599784831856e-05,0.005646165225570159,0.008591288543509174,0.014237453769079332,10.076877250290964,10.21707999451473,0.0005721226261175613,6.293348887293175e-05,2.8606131305878067e-05,2.4315211609996358e-05,0.01480852673236997,0.013949466150641006,0.14020275675452884,10.217080007045494,0.20511717136461988,51.49360316143006,46.850781101231064,65.68608666495614,105.62222223844782,48.50639683856994,99.49494912617207,1.4293616368864164,8.986066894499418e-28,0.003559102281389285,0.006438504517080476,0.009997606798469762,5.6162599784831856e-05,0.00423984697060957,16.85227368254394,0.09088733453154328,0.00468100330459823,0.039054632458130935,0.005579786460256402,64.82564011966721,3.338738419240835,27.85582349604505,3.9797979650469055
67,5.599318863368165e-05,0.005624012667419638,0.008590256327267167,0.014214268994686806,10.21707999451473,10.357056254974168,0.000570398789258336,6.274386681841696e-05,2.8519939462916805e-05,2.4241948543479284e-05,0.01478362109365299,0.013949293766955083,0.1399762729036274,10.357056267418358,0.2052698951370882,51.4518668411219,46.84307028929966,65.56918390458819,105.6151931108452,48.5481331588781,99.65470202624303,1.4270262183320488,3.774148095689756e-28,0.0035203080665221417,0.006413394349463862,0.009933702415986003,5.599318863368165e-05,0.004280566578700802,17.28592965927739,0.09030638559987275,0.004666899184840931,0.03942327061213167,0.005579717506782033,64.51549518113546,3.3340644725224653,28.164252265292337,3.986188081049726
68,5.5824398218631504e-05,0.0056019828859852,0.008589130291300236,0.014191113177285436,10.357056254974168,10.496806352330898,0.0005686812495386775,6.255493744925453e-05,2.8434062476933877e-05,2.4168953105393796e-05,0.014758750700088877,0.013949122012983118,0.1397501097150921,10.49680636468926,0.20542289928500754,51.4101161294635,46.835350620228375,65.45245387721694,105.60815107893322,48.5898838705365,99.81474820607431,1.4246937575504068,1.5851422001896978e-28,0.0034819367085970505,0.006388382111500952,0.009870318820098003,5.5824398218631504e-05,0.0043207943571874335,17.723591534818,0.08973017109180002,0.004652846587134634,0.039787443230964226,0.005579648805193247,64.2075854356984,3.329404604132598,28.470420031926054,3.992589928242955
69,5.565622518131057e-05,0.0055800749765587,0.008587911158932366,0.014167986135491067,10.496806352330898,10.636330605288576,0.0005669699730862571,6.236669703948828e-05,2.834849865431286e-05,2.4096223856165932e-05,0.014733915336450009,0.013948950885337876,0.1395242652309534,10.636330617561851,0.20557618543490885,51.36835078656795,46.82762202931724,65.33589556153295,105.6010960678494,48.63164921343205,99.97508936705947,1.4223642360672377,6.657597240796731e-29,0.003443983598473343,0.006363467421266099,0.009807451019739441,5.565622518131057e-05,0.004360535115751626,18.165210668911293,0.08915864563399492,0.004638845234342104,0.04014719400848124,0.005579580354135151,63.90189225251344,3.324758762687953,28.774345410116233,3.9990035746823795
70,5.548866619268204e-05,0.0055582880419612,0.008586599648743979,0.014144887690705179,10.636330605288576,10.77562933062091,0.000565264926323518,6.217914189558698e-05,2.82632463161759e-05,2.4023759368749515e-05,0.014709114790589027,0.0139487803806616,0.13929873752125582,10.775629342809832,0.20572975520957254,51.32657057572426,46.819884452239805,65.21950795088118,105.594028002906,48.67342942427574,100.13572720666654,1.4200376356897861,2.7961908411346276e-29,0.003406444177249983,0.006338649898323161,0.009745094075573144,5.548866619268204e-05,0.004399793615132035,18.610738897043763,0.08859176432339222,0.004624894851737875,0.04050256619386106,0.00557951215226464,63.598397156954746,3.320126897081285,29.07604685769726,4.005429088266686
71,5.532171795272519e-05,0.005536621192481197,0.008585196474607166,0.014121817667088362,10.77562933062091,10.914702843199407,0.0005635660759644389,6.199226835608827e-05,2.8178303798221944e-05,2.3951558228488653e-05,0.014684348853409083,0.013948610495625693,0.1390735246837874,10.914702855304698,0.20588361022802648,51.28477526338574,46.81213782504136,65.10329005311763,105.58694680958844,48.71522473661426,100.29666341843804,1.4177139385041087,1.1744001532765438e-29,0.0033693139357179585,0.0063139291637197,0.009683243099437659,5.532171795272519e-05,0.004438574567650703,19.060128525604107,0.08802948272216053,0.004610995166981773,0.040853602596394804,0.0055794441982502775,63.2970818294236,3.315508956478834,29.37554267736003,4.011866536737531
72,5.5155377190118565e-05,0.005515073545813304,0.00858370234572059,0.014098775891533893,10.914702843199407,11.053551456020838,0.0005618733890113553,6.180607279124909e-05,2.8093669450567765e-05,2.3879619032982602e-05,0.014659617318834231,0.013948441226930385,0.1388486248438106,11.053551468043217,0.20603775210554426,51.242964619158215,46.80438208413693,64.98724089046667,105.57985241355294,48.757035380841785,100.45789969199132,1.4153931268724012,4.932480643761484e-30,0.0033325884138186326,0.006289304839981194,0.009621893253799826,5.5155377190118565e-05,0.004476882637734067,19.513332327096524,0.0874717568527257,0.004597145910092907,0.041200345590219865,0.005579376490772154,62.99792810416508,3.3109048903179192,29.67285101783738,4.018315987679632
73,5.498964066192687e-05,0.00549364422699737,0.00858211796664409,0.014075762193641459,11.053551456020838,11.192175480234457,0.0005601868327518761,6.162055160270636e-05,2.8009341637593807e-05,2.3807940391954734e-05,0.014634919983780074,0.013948272571304437,0.13862403615379518,11.192175492174632,0.2061921824536493,51.20113841578815,46.796617166310604,64.87135949937931,105.57274474062743,48.79886158421185,100.61943771302185,1.4130751834303386,2.0716418703798236e-30,0.0032962632001080094,0.006264776551105267,0.009561039751213276,5.498964066192687e-05,0.004514722442428183,19.970303535405538,0.08691854319284796,0.00458334681342444,0.041542837119001,0.0055793090285217745,62.70091796809102,3.3063146483049213,29.96798987508319,4.024777508520861
74,5.48245051532948e-05,0.005472332368358066,0.008580444037332954,0.01405277640569102,11.192175480234457,11.330575225168932,0.0005585063747556737,6.14357012231241e-05,2.7925318737783686e-05,2.3736520927116135e-05,0.01461025664812442,0.013948104525504816,0.1383997567931512,11.330575237027608,0.2063469028801256,51.15929642915056,46.788843008716015,64.75564493039198,105.56562371681486,48.84070357084944,100.78127916331074,1.4107600910844313,8.70089585559526e-31,0.003260333931226832,0.006240343922555957,0.009500677853782788,5.48245051532948e-05,0.004552098551908232,20.43099584111169,0.08636979867075262,0.004569597611637331,0.04188111870055933,0.005579241810201927,62.406033559610044,3.3017381804123667,30.26097709344518,4.031251166532411
75,5.465996747713669e-05,0.0054511371094448915,0.008578681253171896,0.014029818362616787,11.330575225168932,11.468750998359024,0.0005568319828715137,6.125151811586651e-05,2.7841599143575688e-05,2.3665359272039335e-05,0.014585627114678286,0.0139479370863164,0.1381757849679655,11.468751010136897,0.20650191498901216,51.11743843823698,46.7810595488732,64.64009624798659,105.55848926828875,48.88256156176302,100.94342572072341,1.4084478330093924,3.6543762593500095e-31,0.0032247962913764597,0.006216006581257988,0.009440802872634449,5.465996747713669e-05,0.004589015489982338,20.89536338685764,0.08582548066031317,0.004555898041676021,0.04221523143144977,0.00557917483452656,62.11325716746306,3.297175436877203,30.551830366830842,4.037737028828914
76,5.449602447383788e-05,0.005430057596972646,0.008576830305008713,0.01400688790198136,11.468750998359024,11.606703105572,0.0005551636252241582,6.10679987746574e-05,2.7758181261207908e-05,2.3594454072026725e-05,0.01456103118915694,0.013947770250551664,0.1379521189107383,11.606703117269761,0.20665722038061143,51.075564225143275,46.773266724668524,64.52471253045115,105.55134132139507,48.924435774856725,101.10587905921636,1.4061383926455198,1.5348380289270042e-31,0.0031896460118004564,0.006191764155591082,0.009381410167391538,5.449602447383788e-05,0.004625477734589822,21.363360762764003,0.08528554697628671,0.004542247842743112,0.04254521599148782,0.005579108100220666,61.82257122956595,3.2926263681982055,30.840567239867212,4.044235162368633
77,5.4332673010953907e-05,0.005409092984762327,0.008574891879187658,0.013983984863949986,11.606703105572,11.744431850833793,0.000553501270211405,6.088513972325455e-05,2.7675063510570252e-05,2.3523803983984712e-05,0.014536468680151203,0.01394760401505039,0.137728756880122,11.744431862452123,0.20681282065149154,51.03367357505728,46.76546447435284,64.40949286974134,105.54417980265083,48.96632642494272,101.26864084884069,1.4038317536960938,6.446319721493418e-32,0.0031548788702718314,0.006167616275384277,0.009322495145656109,5.4332673010953907e-05,0.004661489718293877,21.834943001894487,0.08474995586960099,0.004528646756275132,0.04287111264822574,0.005579041606020156,61.53395833185851,3.2880909251339787,31.127205109053882,4.050745633953633
78,5.416990998291649e-05,0.005388242433682472,0.008572866657582483,0.013961109091264957,11.744431850833793,11.881937536454881,0.0005518448865010539,6.070293751511593e-05,2.7592244325052695e-05,2.3453407676294792e-05,0.014511939399098821,0.013947438376679354,0.13750569716066102,11.881937547994454,0.20696871739449768,50.99176627624641,46.75765273654184,64.29443637134263,105.5370046387472,49.00823372375359,101.43171275575048,1.4015279001247873,2.7074542830272354e-32,0.0031204906905858685,0.006143562571910278,0.009264053262496146,5.416990998291649e-05,0.004697055828768811,22.31006557576966,0.08421866602269223,0.004515094525917714,0.043192961261379344,0.0055789753506717416,61.24740120715982,3.283569058700381,31.41176122390979,4.057268510230011
79,5.400773231073818e-05,0.005367505111590932,0.008570755317629217,0.01393826042922015,11.881937536454881,12.019220463055925,0.0005501944430280045,6.05213887330805e-05,2.7509722151400226e-05,2.3383263828690194e-05,0.014487443160256092,0.01394727333233205,0.13728293806253364,12.019220474517414,0.2071249121987463,50.94984212004513,46.749831450212234,64.17954215413359,105.52981575654334,49.05015787995487,101.59509644220294,1.3992268161530887,1.1371307988714389e-32,0.0030864773420584825,0.006119602677879828,0.00920608001993831,5.400773231073818e-05,0.00473218040928184,22.788684389928914,0.08369163654489373,0.004501590897501856,0.043510801287205254,0.00557890933293282,60.96288273403023,3.2790607201685464,31.69425268811313,4.063803857688109
80,5.384613694172396e-05,0.005346880193277069,0.008568558532358625,0.013915438725635693,12.019220463055925,12.156280929593157,0.0005485499089913964,6.0340489989053606e-05,2.7427495449569822e-05,2.331337113213435e-05,0.014462979780669672,0.013947108878928388,0.13706047792129564,12.15628094097722,0.2072814066496402,50.90790090084249,46.74200055470274,64.06480935025012,105.52261308307118,49.09209909915751,101.75879356656904,1.3969284862577416,4.775949355260044e-33,0.003052834739030045,0.006095736227436097,0.009148570966466141,5.384613694172396e-05,0.004766867759169551,23.270755779540043,0.08316882696787402,0.004488135619020516,0.043824671782829776,0.005578843551571355,60.6803859356394,3.2745658610629844,31.97469646063489,4.070351742662753
81,5.368512084918812e-05,0.0053263668604044065,0.008566276970428386,0.013892643830832793,12.156280929593157,12.293119233383486,0.0005469112538516162,6.016023792367779e-05,2.7345562692580813e-05,2.3243728288693693e-05,0.014438549080148435,0.01394694501341441,0.13683831509762426,12.29311924469078,0.2074382023288725,50.86594241606932,46.734159989712126,63.95023710494979,105.51539654553366,49.13405758393068,101.92280578333884,1.394632895168198,2.0058987292092186e-33,0.0030195588403746174,0.006071962856149096,0.009091521696523714,5.368512084918812e-05,0.004801122134309079,23.75623650505587,0.08265019724112467,0.004474728440604133,0.0441346114105297,0.005578778005365765,60.399893978641664,3.2700844331587517,32.25310935686605,4.076912231333533
82,5.352468103216584e-05,0.005305964301453682,0.008563911296154983,0.013869875597608664,12.293119233383486,12.429735670129375,0.0005452784473275601,5.9980629206031615e-05,2.7263922366378008e-05,2.3174334011421307e-05,0.014414150881235634,0.013946781732762006,0.13661644797706513,12.429735681360551,0.20759530081442884,50.823966466185524,46.726309695297104,63.83582457647799,105.50816607130227,49.176033533814476,102.08713474312655,1.392340027864083,8.424774662678719e-34,0.002986645649014534,0.006048282201010115,0.00903492785002465,5.352468103216584e-05,0.004834947747584015,24.245083747917487,0.08213570772749682,0.004461369114498219,0.04444065844196528,0.005578712693104802,60.12139017205716,3.265616388479946,32.52950804973782,4.083485389725068
83,5.336481451513699e-05,0.005285671711666339,0.008561462169545297,0.013847133881211636,12.429735670129375,12.566130533943454,0.0005436514593937629,5.9801660533313917e-05,2.7182572969688146e-05,2.3105187024234922e-05,0.01438978500918116,0.013946619033968625,0.1363948749697798,12.566130545099155,0.20775270368060525,50.78197285466726,46.71844961187341,63.72157093593413,105.50092158792228,49.21802714533274,102.25178209268299,1.3900498695726773,3.5384053583250623e-34,0.0029540912114402757,0.006024693900426176,0.008978785111866451,5.336481451513699e-05,0.0048683487693451846,24.737255106303518,0.08162531919878592,0.0044480573950398785,0.04474285076236656,0.00557864761358745,59.844857966159765,3.2611616792972664,32.803909070835665,4.090071283707307
84,5.320551834774753e-05,0.005265488292988437,0.008558930246327933,0.01382441853931637,12.566130533943454,12.702304117372886,0.0005420302602776448,5.962332863054093e-05,2.710151301388224e-05,2.3036286061799907e-05,0.014365451291913998,0.013946456914057014,0.1361735945102955,12.702304128453749,0.20791041249800193,50.739961387994,46.710579680211396,63.60747536713915,105.49366302310524,49.260038612006,102.41674947489669,1.3877624057664117,1.4861302504965263e-34,0.0029218916172355767,0.006001197594214513,0.00892308921145009,5.320551834774753e-05,0.00490132932786628,25.232708590924922,0.08111899283136446,0.004434793038635276,0.04504122587467298,0.005578582765622805,59.57028095137153,3.2567202581260934,33.07632881150655,4.096669978995841
85,5.304678960453656e-05,0.005245413254014979,0.008556316177984255,0.013801729431999234,12.702304117372886,12.838256711423488,0.000540414820456762,5.9445630250243823e-05,2.70207410228381e-05,2.2967629869412387e-05,0.014341149560014857,0.013946295370074925,0.13595260505725595,12.838256722430142,0.20806842883353888,50.69793187563562,46.70269984143653,63.49353706650368,105.48639030473291,49.30206812436438,102.58203852880597,1.385477622160377,6.241747052085412e-35,0.002890042998607709,0.005977792923597076,0.008867835922204786,5.304678960453656e-05,0.004933893509794448,25.731402620864824,0.08061669020186168,0.004421575803737144,0.04533582090362713,0.0055785181480299696,59.29764285716354,3.2522920777244493,33.34678352395977,4.103281541152224
86,5.288862538466591e-05,0.005225445809934664,0.008553620611779153,0.013779066421713816,12.838256711423488,12.973988605583592,0.0005388051106560448,5.926856217216493e-05,2.6940255532802244e-05,2.2899217202881907e-05,0.014316879646688922,0.013946134399094853,0.1357319050931736,12.973988616516662,0.20822675425046563,50.65588413003916,46.69481003702831,63.37975524289696,105.47910336085727,49.34411586996084,102.74765088960838,1.383195504709848,2.621533761875873e-35,0.0028585415299228847,0.0059544795311950475,0.008813021061117933,5.288862538466591e-05,0.0049660453605958835,26.233296019462877,0.0801183732828903,0.004408405450822185,0.04562667259982318,0.005578453759637942,59.026927550963634,3.247877091090721,33.61528932236131,4.109906035584334
87,5.2731022811650186e-05,0.005205585182475045,0.008550844190791518,0.013756429373266564,12.973988605583592,13.109500087847675,0.0005372011018451602,5.909212120296762e-05,2.686005509225801e-05,2.2831046828419308e-05,0.014292641387738858,0.013945973998213766,0.1355114931241842,13.109500098707777,0.20838539030836617,50.613817966615926,46.686910208818205,63.26612911751678,105.47180211969855,49.386182033384074,102.91358818866762,1.3809160396078215,1.1010441799878667e-35,0.002827383427246725,0.0059312570610233865,0.008758640488270112,5.2731022811650186e-05,0.004997788884996452,26.738348010243683,0.0796240044388192,0.004395281742369492,0.04591381734371003,0.005578389599285506,58.75811903707009,3.2434752514619616,33.881862183921264,4.116543527546707
88,5.257397903309403e-05,0.005185830599848106,0.008547987553944472,0.013733818153792578,13.109500087847675,13.244791444739727,0.000535602765235797,5.891630417593767e-05,2.678013826178985e-05,2.2763117522521373e-05,0.014268434621537889,0.013945814164552829,0.13529136767980196,13.244791455527476,0.2085443385631687,50.57173320372809,46.67900029898836,63.15265792376011,105.4644865096451,49.42826679627191,103.0798520535236,1.378639213282567,4.6243855559490405e-36,0.002796564947889736,0.005908125158485395,0.008704690106375132,5.257397903309403e-05,0.005029128047417446,27.246518212888738,0.07913354642159211,0.004382204442838339,0.04619729114955037,0.005578325665821131,58.49120145557239,3.239086512311584,34.146517949975085,4.123194082140937
89,5.241749122042791e-05,0.005166181296696246,0.008545051336035298,0.013711232632731545,13.244791444739727,13.379862961336404,0.0005340100722791033,5.874110795070136e-05,2.6700503613955167e-05,2.2695428071861892e-05,0.014244259189003166,0.01394565489525716,0.1350715273126771,13.379862972052404,0.20870360056715362,50.52962966267558,46.671080250070034,63.039340907094754,105.45715645925242,49.47037033732442,103.24644410790118,1.3763650123951972,1.9422419334985972e-36,0.002766082389957738,0.005885083470367302,0.00865116586032504,5.241749122042791e-05,0.005060066772406505,27.75776663925143,0.07864696236659127,0.004369173318647209,0.04647712966933576,0.005578261958102864,58.22615908127803,3.234710827347801,34.409272327058126,4.1298577643160455
90,5.2261556568652073e-05,0.005146636514038673,0.008542036167765138,0.01368867268180381,13.379862961336404,13.514714921289906,0.0005324229946630111,5.856652941293122e-05,2.6621149733150556e-05,2.2627977273177973e-05,0.014220114933569172,0.01394549618749555,0.13485197059835433,13.514714931934758,0.2088631778689657,50.48750716768266,46.66315000494266,62.9261773249315,105.44981189724383,49.51249283231734,103.41336597172184,1.3740934238372462,8.157416120694109e-37,0.002735932091907199,0.005862131644832869,0.008598063736740068,5.2261556568652073e-05,0.0050906089450637425,28.272053689414665,0.07816421578854607,0.004356188138151909,0.04675336819665813,0.00557819847499822,57.9629763226463,3.2303481505112464,34.67014088797357,4.136534638868891
91,5.210617229607748e-05,0.0051271954992182,0.008538942675768397,0.013666138174986596,13.514714921289906,13.64934760685064,0.0005308415043096915,5.839256547406607e-05,2.6542075215484578e-05,2.256076393316189e-05,0.014196001701161396,0.01394533803846022,0.13463269613503315,13.64934761742494,0.20902307201362447,50.445365545884535,46.655209506832584,62.81316644649738,105.44245275251035,49.554634454115465,103.58061926111414,1.3718244347282673,3.4261147706915262e-37,0.0027061104321054103,0.005839269331418021,0.00854537976352343,5.210617229607748e-05,0.005120758411463165,28.789340147790593,0.07768527057748574,0.004343248671624749,0.04702604167053857,0.005578135215384088,57.70163772072826,3.2259984359732212,34.929139072853935,4.143224770444589
92,5.195133564407283e-05,0.005107857505848443,0.0085357714826419,0.013643628988490343,13.64934760685064,13.783761298889633,0.0005292655733730363,5.8219213071034e-05,2.6463278668651818e-05,2.2493786868354047e-05,0.014171919340170149,0.013945180445366552,0.1344137025433298,13.78376130939397,0.20918328454253152,50.40320462731407,46.64725869931107,62.70030755270984,105.43507895410879,49.59679537268593,103.74820558842272,1.3695580324134415,1.438968203690441e-37,0.002676613828395461,0.005816496181025491,0.008493110009420952,5.195133564407283e-05,0.005150518979069391,29.309587179261943,0.07721009099473593,0.004330354691233934,0.047295184679213315,0.005578072178146621,57.4421279481133,3.2216616381339502,35.18628219021582,4.14992822353693
93,5.1797043876815645e-05,0.005088621793761429,0.008532523206973794,0.013621145000735222,13.783761298889633,13.91795627692072,0.0005276951742361083,5.8046469165971914e-05,2.6384758711805415e-05,2.2427044905034603e-05,0.014147867701424536,0.01394502340545286,0.13419498846604055,13.917956287355674,0.2093438169934834,50.361024244888085,46.63929752629316,62.587599936051426,105.4276904312623,49.638975755111915,103.9161265622211,1.3672942044612038,6.043666455499853e-38,0.0026474387376659507,0.005793811845919491,0.008441250583585441,5.1797043876815645e-05,0.005179894417149781,29.832756325364603,0.07673864166895855,0.004317505971022704,0.04756083146387815,0.005578009362181144,57.184431807882355,3.217337711620501,35.4415854180083,4.15664506248884
94,5.1643294281043415e-05,0.005069487628955585,0.008529198463372191,0.013598686092327776,13.91795627692072,14.051932819122475,0.0005261302795086468,5.7874330745951143e-05,2.630651397543234e-05,2.236053687911749e-05,0.014123846638166602,0.013944866915980115,0.13397655256790658,14.051932829488626,0.20950467090067837,50.318824234393965,46.63132593203557,62.475042900445516,105.42028711335786,49.681175765606035,104.08438378732052,1.365032938660882,2.5383399113099387e-38,0.002618581655425392,0.005771215979720405,0.008389797635145798,5.1643294281043415e-05,0.005208888457181978,30.3588095005109,0.07627088759223452,0.004304702286888928,0.047823015922391104,0.005577946766392046,56.92853423256752,3.21302661128489,35.69506380465478,4.163375351492822
95,5.149008416580767e-05,0.005050454283544139,0.00852579786249355,0.01357625214603769,14.051932819122475,14.18569120235994,0.0005245708620246442,5.770279482271086e-05,2.622854310123221e-05,2.2294261636047378e-05,0.014099856006025677,0.013944710974231713,0.13375839353538066,14.185691212657856,0.20966584779473518,50.27660443447599,46.62334386113667,62.36263576113287,105.41286892994952,49.72339556552401,104.25297886478567,1.3627742230203497,1.0661027627501743e-38,0.002590039115381255,0.005748708237399496,0.008338747352780751,5.149008416580767e-05,0.005237504793256938,30.887708988253177,0.07580679411618865,0.0042919434165652704,0.04808177161293405,0.005577884389692685,56.67442028311806,3.208728292202464,35.94673227008805,4.170119154591424
96,5.1337410862233504e-05,0.005031521035703904,0.008522322011070825,0.01355384304677473,14.18569120235994,14.319231702206086,0.0005230168948398466,5.753185843238313e-05,2.615084474199233e-05,2.2228218030693483e-05,0.014075895662992825,0.013944555577513234,0.13354051007639461,14.319231712436336,0.20982734920269686,50.23436468662169,46.61535125853341,62.250377844548886,105.40543581075391,49.76563531337831,104.42191339194292,1.3605180457636963,4.477631603550733e-39,0.002561807689023599,0.005726288275273638,0.008288095964297236,5.1337410862233504e-05,0.005265747082477493,31.41941743758715,0.0753463269481567,0.004279229139598745,0.04833713175763388,0.0055778222310052935,56.422075147873315,3.20444270966969,36.19660560677926,4.1768765356777395
97,5.118527172327699e-05,0.005012687169624454,0.00851877151194135,0.013531458681565803,14.319231702206086,14.452554592963072,0.0005214683512294279,5.736151863523707e-05,2.6073417561471395e-05,2.2162404927250688e-05,0.014051965469395565,0.013944400723152192,0.13332290092012966,14.452554603126215,0.2099891766480519,50.19210483514822,46.60734806950197,62.138268488201916,105.39798768565478,49.80789516485178,104.5911889623971,1.358264395328908,1.880605273491308e-39,0.002533883985213242,0.00570395575100007,0.008237839736213313,5.118527172327699e-05,0.005293618945352491,31.953897859294727,0.07488945214739376,0.004266559237331683,0.048589129246143344,0.005577760289260877,56.17148414154153,3.2001698192028307,36.44469848075977,4.183647558495873
98,5.103366412349153e-05,0.004993951975457694,0.008515146964074481,0.013509098939532175,14.452554592963072,14.585660147683265,0.0005199252046855458,5.719177251541004e-05,2.5996260234277293e-05,2.20968211991357e-05,0.014028065287872657,0.013944246408497804,0.13310556481678693,14.58566015777986,0.21015133165072994,50.14982472718859,46.59933423965254,62.026307040552204,105.39052448469386,49.85017527281141,104.76080716603609,1.3560132603655666,7.898542148663495e-40,0.0025062646497744177,0.00568171032357117,0.008187974973345589,5.103366412349153e-05,0.005321123966186586,32.491113622325734,0.07443613612132353,0.004253933492881739,0.04883779663918252,0.0055776985633991215,55.922632704185666,3.195909576535784,36.69102543263708,4.190432286641465
99,5.088258545879134e-05,0.004975314749267805,0.008511448962599007,0.01348676371186681,14.585660147683265,14.718548638190033,0.0005183874289150162,5.702261718065178e-05,2.591937144575081e-05,2.203146572888819e-05,0.014004194983349117,0.013944092630920751,0.13288850053736026,14.718548648220626,0.21031381572713637,50.107524212677845,46.591309714932784,61.91449286089167,105.38304613808154,49.892475787322155,104.93076958905485,1.3537646297325603,3.317387702438668e-40,0.0024789463650918765,0.005659551653309242,0.008138498018401118,5.088258545879134e-05,0.0053482656934656925,33.03102845021818,0.07398634562182835,0.0042413516911228594,0.04908316617204076,0.0055776370523683005,55.67550640021545,3.191661937618482,36.935600878603886,4.197230783562197
